% Model:              shelf-3d-dcm-StickOut-Margin.mph
% Version:            COMSOL 5.4.0.388
% Date:               Jul 22 2019, 09:53
% Dimension:          3
% Nodes:              52
% Expressions:        3
% Description:        Displacement field, X component, Displacement field, Y component, Displacement field, Z component
% Length unit:        m
% X                       Y                        Z                        u (m) @ H=1600           v (m) @ H=1600           w (m) @ H=1600
data=[97525.00000000001         39995                    1566.0435686961953       2.2818048521713448       -1.9296796236867066      -0.5606120514914001
97525                     39995                    1600                     2.288171787320295        -1.9327910787377556      -0.5629449471408601
97525                     39995                    1515.2888424544235       2.2680267882784166       -1.925244903344301       -0.5551028553783287
97525                     39995                    0                        1.8675221473820431       -1.918685407896059       -0.4140962136877827
97525.00000000004         39995.00000000001        33.95643130381861        1.8875650621956075       -1.9188312818548534      -0.4152164677863693
97525.00000000001         39994.99999999999        1434.8290684488506       2.245320104217843        -1.91820026249463        -0.5468273340601969
97525.00000000003         39995                    84.71115754561352        1.9058212228807538       -1.9196082569294277      -0.421116843863536
97525.00000000001         39994.99999999999        165.1709315512129        1.9305067000785223       -1.919705727967761       -0.43066207644499777
97525                     39995                    295.4793463062756        1.964874683178786        -1.91847356506081        -0.44358605555876923
97525                     39995                    507.8083790037569        2.0178168910139864       -1.916951813152761       -0.46300324260161274
97525                     39995                    1304.5206536938283       2.2098597382748086       -1.9150712388389683      -0.5343549471568295
97525.00000000001         39995                    800.0000000001058        2.0855867720091856       -1.9140641501329407      -0.48827200144941524
97525.00000000001         39995.00000000001        1092.1916209964133       2.15586558654251         -1.9131590017620297      -0.5142915599498513
97525                     40005                    1566.0435686961887       2.28372538720415         -1.8792823304089132      -0.5610606100421185
97525                     40005                    1600                     2.290033127592448        -1.8783314628841599      -0.563805883165649
97525                     40005                    0                        1.884313718818401        -1.8016664953491213      -0.4028893570513392
97525.00000000004         40005.00000000001        33.95643130381176        1.9018542529058544       -1.8038895962937613      -0.4063038531502694
97525.00000000003         40005                    1515.2888424544076       2.2702206764547936       -1.8805034113811292      -0.5551506064367452
97525.00000000001         40004.99999999999        84.71115754559735        1.91907939727969         -1.8063965886211355      -0.41416561972476834
97525.00000000001         40005                    1434.8290684488234       2.2482993882205613       -1.8824609998687463      -0.5465289654702816
97525                     40004.99999999999        1304.520653693787        2.2143061316724104       -1.8781813963783964      -0.5334441746455718
97525.00000000003         40005.00000000001        165.1709315511912        1.9420289884968949       -1.8111318806476109      -0.42509132567113833
97525                     40005                    295.47934630623985       1.9751018712145885       -1.8197247916059218      -0.43930856707626664
97524.99999999999         40004.99999999999        507.8083790036945        2.025840990845624        -1.833251268340415       -0.46002649420909236
97525.00000000001         40005.00000000001        1092.1916209963458       2.1609767511652787       -1.868302125936173       -0.5130500977383032
97525                     40005                    800.0000000000255        2.0925935048021316       -1.851301010387323       -0.4861758278673151
97545                     39995                    1558.817222464243        2.2819919999415785       -1.9357509817347056      -0.5628692355859467
97545                     39995                    1600                     2.2905376207483243       -1.9405723247789504      -0.5650279185740477
97545                     39995                    1501.7880214182483       2.2664216185413477       -1.929520161589803       -0.557809384074065
97545                     39995                    0                        1.8664337731940626       -1.9383300321215158      -0.42956144584418293
97545                     39994.99999999999        41.182777535764146       1.8886974580274605       -1.936788942493778       -0.4295702964665752
97544.99999999999         39995                    98.21197858176825        1.909187046304955        -1.9364871103993244      -0.43377810096039915
97544.99999999999         39994.99999999999        1416.1776712881083       2.2424485492795516       -1.9219344965641274      -0.5501372301783198
97545                     39994.99999999999        1283.035672022471        2.2069240054948094       -1.9198456314811692      -0.5380555559705174
97545                     39995                    183.82232871192156       1.9351169727969673       -1.9356557748632206      -0.44185524453252867
97545                     39995                    316.96432797757996       1.971294753497905        -1.933545179038762       -0.45416097626716356
97545                     39994.99999999999        524.3912089941955        2.022279553463054        -1.9297828729022808      -0.47194741588402783
97545                     39995                    800.0000000000484        2.0875898337693632       -1.9241483583292502      -0.4953758684949687
97545                     39995                    1075.608791005884        2.154079172165619        -1.9200568433125156      -0.5190388096390545
97545                     40005                    1558.817222464235        2.284718413316151        -1.8694224449077461      -0.5632393936690993
97545                     40005                    1600                     2.292964851312342        -1.867348962048692       -0.5657890463597564
97544.99999999999         40005                    1501.7880214182296       2.269631956581797        -1.872033937998842       -0.5577138907870159
97545                     40005                    0                        1.8868503064071778       -1.778830557171824       -0.41665300412547235
97545.00000000003         40005                    41.1827775357706         1.9068937735145584       -1.7827600442480354      -0.4188511405661918
97545                     40005                    1416.1776712880924       2.246418280814612        -1.8744406797769153      -0.5495359356138805
97545                     40005                    98.2119785817921         1.9258655792759192       -1.7865025781216042      -0.4250835670092867
97545.00000000001         40004.99999999999        183.82232871195043       1.9500415343513933       -1.7926548421270085      -0.4349021755604679
97544.99999999999         40005                    1283.035672022464        2.2123486038446676       -1.8685606168573727      -0.5368515884012113
97545                     40005                    316.96432797761076       1.9837311852191704       -1.8024962363025065      -0.4484475462133452
97545                     40005                    524.3912089942246        2.033861675537148        -1.8171375088812436      -0.46791834673484173
97545.00000000001         40005.00000000001        1075.6087910058866       2.161201446124383        -1.8562856626387911      -0.517208701194891
