% Model:              shelf-3d-dcm-StickOut-Margin.mph
% Version:            COMSOL 5.4.0.388
% Date:               Jul 22 2019, 09:52
% Dimension:          3
% Nodes:              30
% Expressions:        3
% Description:        Displacement field, X component, Displacement field, Y component, Displacement field, Z component
% Length unit:        m
% X                       Y                        Z                        u (m) @ H=400            v (m) @ H=400            w (m) @ H=400
data=[97525                     39995                    0                        0.5127856196440952       -0.4854031869896445      -0.003436433786348459
97525.00000000003         39994.99999999999        33.05299930298797        0.5162116800995492       -0.4844916674869846      -0.00383621959910674
97525.00000000003         39995.00000000001        80.74918147701624        0.5187883554370744       -0.483429063033134       -0.005318735042799354
97525                     39995                    154.89196316874882       0.521798351652737        -0.4816796098771054      -0.007640285341413919
97525.00000000001         39995                    366.94700069701986       0.530314116158698        -0.47764292408541686     -0.013714687004562222
97525                     39995                    400                      0.5315067605579784       -0.47820793846767146     -0.014237058485415406
97525.00000000003         39995                    319.25081852299996       0.528158659271571        -0.47802996878969983     -0.012507620886757428
97525.00000000001         39995                    245.108036831272         0.5252317066066738       -0.4796262559145546      -0.010337637314477904
97525                     40005                    0                        0.5149429972882877       -0.4584696264164174      -0.002330358758626814
97525.00000000001         40005                    33.05299930298871        0.5182140904684243       -0.45928213432333803     -0.003072728552137836
97525.00000000001         40005                    366.94700069701406       0.5323259430138293       -0.4659877773833585      -0.014480376356650332
97525                     40005                    400                      0.5336698021003652       -0.4654734906217508      -0.015347064523858811
97525.00000000003         40005.00000000001        319.250818522992         0.5301108493908783       -0.4655737863591778      -0.012961416042405265
97525                     40005                    80.74918147701675        0.5206895115857448       -0.46036440178377774     -0.0048710704886745565
97525.00000000003         40005                    245.10803683126727       0.5271372375856437       -0.46401668636015        -0.01049302977186321
97525                     40005                    154.89196316874748       0.523732573344961        -0.46194422858291917     -0.00751203031433587
97544.99999999999         39994.99999999999        355.28044830479956       0.5301254409939394       -0.4792132329505504      -0.014232062840642185
97545                     39995                    400                      0.5319558620183953       -0.4800036346787669      -0.014774954405422472
97545                     39995                    0                        0.5128259858278261       -0.4896037002058254      -0.006353573201322952
97545                     39995                    44.719551695215614       0.5168478212812309       -0.4878636538271584      -0.00661145548134407
97545.00000000001         39995                    107.83960141728716       0.5200361074963684       -0.48592419992414015     -0.008017772776664576
97544.99999999999         39995                    200.00000000002495       0.5237110645229425       -0.4830851798368954      -0.010463110574942642
97544.99999999999         39994.99999999999        292.1603985827497        0.5273643343477024       -0.48042635062480193     -0.012882491177772853
97545                     40005                    0                        0.5155084565553208       -0.45338590313817184     -0.0051989544542596815
97545                     40005.00000000001        44.719551695218755       0.5194329997632848       -0.45498005074190717     -0.00582368057118463
97544.99999999999         40004.99999999999        107.83960141728824       0.5225465309118024       -0.4568367058370481      -0.007624136429847289
97545.00000000001         40005.00000000001        292.1603985827192        0.5298938882546101       -0.4622308250580272      -0.013288291470102367
97545                     40005                    355.28044830478433       0.5327198698218553       -0.46348816423684686     -0.01503301815782841
97545                     40005                    400                      0.5346486019174165       -0.462798497934004       -0.015938540855771916
97544.99999999999         40005                    200.00000000000458       0.5262161861798277       -0.4595895607739533      -0.01047002086923176];
