% Model:              shelf-3d-dcm-StickOut-Margin.mph
% Version:            COMSOL 5.4.0.388
% Date:               Jul 22 2019, 09:52
% Dimension:          3
% Nodes:              12
% Expressions:        3
% Description:        Displacement field, X component, Displacement field, Y component, Displacement field, Z component
% Length unit:        m
% X                       Y                        Z                        u (m) @ H=50             v (m) @ H=50             w (m) @ H=50
data=[97525.00000000001         39995.00000000001        25.0000000000016         0.06546489053698477      -0.0601755277277403      -0.002365184584147942
97525                     39995                    50                       0.06569299966289702      -0.05998090982826464     -0.0024019494438263247
97525                     39995                    0                        0.06517516093400143      -0.06047077113019923     -0.0023329575372257297
97525                     40005                    25                       0.06572706000582795      -0.057879359182939696    -0.002365525805694922
97525                     40005                    50                       0.06595237910795708      -0.05807836928256649     -0.0024422874035438793
97525                     40005                    0                        0.06543365060626001      -0.05758734099745629     -0.002294260665876589
97545                     39995                    0                        0.06519742646671937      -0.06085469542233658     -0.0026224381835448455
97544.99999999999         39995                    25                       0.06546841116546466      -0.06050160601100343     -0.0026376699941163552
97545                     39995                    50                       0.06571697702034807      -0.06023939297851659     -0.0026589742183412844
97545                     40005                    0                        0.06553176890495307      -0.05708292509131788     -0.00259505940747268
97544.99999999999         40005                    25                       0.06580668229444073      -0.05743488303185281     -0.0026378308869957584
97545                     40005                    50                       0.06605206127880103      -0.057700993698637106    -0.0026892704971749957];
