% Model:              shelf-3d-dcm-StickOut-Margin.mph
% Version:            COMSOL 5.4.0.388
% Date:               Jul 22 2019, 09:52
% Dimension:          3
% Nodes:              8
% Expressions:        3
% Description:        Displacement field, X component, Displacement field, Y component, Displacement field, Z component
% Length unit:        m
% X                       Y                        Z                        u (m) @ H=25             v (m) @ H=25             w (m) @ H=25
data=[97525                     39995                    0                        0.032646734403883146     -0.030193028374983243    -8.953458300584318E-4
97525                     39995                    25                       0.03280398002201444      -0.030014651403159426    -9.062185343896122E-4
97525                     40005                    0                        0.03277801767851732      -0.028834161676799242    -8.860737383241116E-4
97525                     40005                    25                       0.03293482458687194      -0.029012403519138134    -9.160762970725437E-4
97545                     39995                    0                        0.03265607665532724      -0.030373803663287187    -0.0010426729366928183
97545                     39995                    25                       0.0328069679789414       -0.030154578303424787    -0.0010520553292228086
97545                     40005                    0                        0.032824787163383946     -0.02859313318784112     -0.0010361983544193612
97545                     40005                    25                       0.03297559950477057      -0.028815850648626316    -0.0010605260156093025];
