% Model:              shelf-3d-dcm-StickOut-Margin.mph
% Version:            COMSOL 5.4.0.388
% Date:               Jul 22 2019, 09:52
% Dimension:          3
% Nodes:              16
% Expressions:        3
% Description:        Displacement field, X component, Displacement field, Y component, Displacement field, Z component
% Length unit:        m
% X                       Y                        Z                        u (m) @ H=100            v (m) @ H=100            w (m) @ H=100
data=[97525.00000000004         39995.00000000001        67.95999183132078        0.13113914517352984      -0.1200516631268365      -0.005540974538493623
97525                     39995                    100                      0.13150817668455705      -0.1198060073055817      -0.005670226788400705
97525                     39995                    0                        0.13010476043470895      -0.12115221736287113     -0.005173669107035502
97525                     39995                    32.04000816867038        0.13074166941619803      -0.12060127516775976     -0.005289321437674979
97525.00000000003         40005                    67.95999183132228        0.13165040431806638      -0.11605939708690718     -0.005593712334449523
97525                     40005                    100                      0.1320239335620673       -0.11632962436888278     -0.005812831404015138
97525                     40005                    0                        0.13061994753651932      -0.11497656530211746     -0.0050332366611932485
97525                     40005                    32.04000816867442        0.13125098140194294      -0.11550483229513944     -0.005240189024199516
97545.00000000001         39995.00000000001        67.74872258692828        0.13117596653183208      -0.12063771184489205     -0.005924680321023494
97545                     39995                    100                      0.1315908784531462       -0.12029477496775576     -0.005995464381186155
97545                     39995                    0                        0.13015869314656783      -0.12200949675551435     -0.005746759086001088
97545                     39995                    32.25127741307538        0.13075183078029265      -0.1213151760804408      -0.0057985312067648995
97545                     40005                    0                        0.13081681334837733      -0.11387760193602608     -0.005632587233607897
97545.00000000001         40005                    32.25127741307408        0.13141894827078687      -0.11455796036548534     -0.005756516566505258
97545                     40005                    67.748722586926          0.13184203735752634      -0.11523896081549499     -0.005970837169682463
97545                     40005                    100                      0.13225107500735614      -0.11559570721478787     -0.006113061915458659];
