% Model:              shelf-3d-dcm-StickOut-Margin.mph
% Version:            COMSOL 5.4.0.388
% Date:               Jul 22 2019, 09:52
% Dimension:          3
% Nodes:              22
% Expressions:        3
% Description:        Displacement field, X component, Displacement field, Y component, Displacement field, Z component
% Length unit:        m
% X                       Y                        Z                        u (m) @ H=200            v (m) @ H=200            w (m) @ H=200
data=[97525                     39995                    0                        0.2594449960779003       -0.2425532555400082      -0.003423490079782399
97525.00000000003         39995                    31.525313867762762       0.2606863140619744       -0.241829686402549       -0.0036317688620490724
97525                     39995.00000000001        74.52657472983202        0.2613901216979319       -0.24098694911522298     -0.004310269527062478
97525.00000000003         39995                    168.4746861322498        0.2625808723835401       -0.23922805648922865     -0.005751472239616972
97525                     39995                    200                      0.2630197316293657       -0.23924651924336826     -0.00599090607558579
97525.00000000001         39995                    125.47342527019643       0.2620054221896758       -0.2399584369451562      -0.005133763109426635
97525                     40005                    0                        0.26048775371470123      -0.22952294313131302     -0.003005509259271057
97525.00000000003         40005                    31.525313867762378       0.26169808546920326      -0.23018878717465766     -0.003385904758138679
97525                     40005                    168.47468613224743       0.26361774921179465      -0.23278967878841522     -0.006002068726623434
97525                     40005                    200                      0.2640791668535263       -0.23282341909634519     -0.006405873477125243
97525.00000000001         40005                    125.47342527019732       0.262995973079665        -0.23202930222345686     -0.005226121820726238
97524.99999999999         40004.99999999999        74.526574729833          0.2623645541291648       -0.23103826971320307     -0.004227938663428479
97545                     39995                    0                        0.25952447744586443      -0.24447587960040795     -0.004607056763801474
97545                     39994.99999999999        42.679774241728666       0.26092180785447944      -0.2432112515477611      -0.00476557220412357
97545                     39995                    157.32022575827688       0.2625613285289233       -0.24039445269579146     -0.006056076855022227
97545                     39995                    200                      0.2632243704838613       -0.24017267637907322     -0.006289234864535373
97545                     39995                    100.00000000000402       0.26179663082824567      -0.24173221730697284     -0.005404119699385882
97545                     40005                    0                        0.26083780190742223      -0.22713472043938696     -0.004211307299823295
97545                     40004.99999999999        42.679774241733114       0.26222719752806123      -0.2283436343227789      -0.004552980564495532
97545.00000000001         40005.00000000001        100.00000000002267       0.2630890008340577       -0.2298074063967042      -0.0054090546444853565
97545                     40005                    157.3202257582834        0.26388020091621667      -0.23115987961548434     -0.00628027211410994
97545                     40005                    200                      0.26455599303008065      -0.23143545186203204     -0.006690403997093588];
