% Model:              shelf-3d-dcm-StickOut-Margin.mph
% Version:            COMSOL 5.4.0.388
% Date:               Jul 22 2019, 09:53
% Dimension:          3
% Nodes:              40
% Expressions:        3
% Description:        Displacement field, X component, Displacement field, Y component, Displacement field, Z component
% Length unit:        m
% X                       Y                        Z                        u (m) @ H=800            v (m) @ H=800            w (m) @ H=800
data=[97525                     39995                    0                        0.9910069901531039       -0.969925844385434       -0.08339635575869216
97525.00000000003         39995.00000000001        34.82734488260909        1.0000381702039778       -0.9688469578978159      -0.08418663733382885
97525                     39995                    765.1726551173879        1.0888297312815702       -0.9551932241855313      -0.12327378615200524
97525                     39995                    800                      1.0921890629612172       -0.9565484466920186      -0.12439713171659479
97525.00000000001         39995                    711.893955965147         1.0818770138207168       -0.9536368644210709      -0.12058126319738603
97525.00000000003         39995                    486.8885009601275        1.0550686485688432       -0.9571753770092304      -0.10878196880454291
97525                     39995                    625.8067962829912        1.071149313630051        -0.9545085845553867      -0.11607616724260626
97525                     39995                    313.1114990398463        1.0349726064156826       -0.9614042197099318      -0.0997823998651031
97525.00000000001         39995                    88.10604403483228        1.0084973510655815       -0.967655974402962       -0.08745674379692044
97525                     39994.99999999999        174.19320371696557       1.019420691644588        -0.965350569423301       -0.09253540714799573
97525.00000000001         40005                    765.1726551173913        1.0924587865977644       -0.9317086725579188      -0.12512054625252605
97525                     40005                    800                      1.0962492057393163       -0.9306206269662285      -0.1268713203641385
97525                     40005                    0                        0.9958612122446299       -0.914416423894521       -0.08054929788071753
97525.00000000003         40005                    34.82734488261072        1.004379813478736        -0.9154566632357647      -0.08209506050782428
97525.00000000003         40005                    88.10604403483666        1.012512164153751        -0.9168483510898543      -0.08599665612328114
97525.00000000001         40005                    711.8939559651669        1.085341368921191        -0.9330921948352983      -0.12185531557807072
97525.00000000001         40005                    174.19320371696267       1.0237408643252919       -0.919040345410035       -0.09164951015858092
97525.00000000001         40005                    625.806796283041         1.0744889818398489       -0.9318771056528449      -0.11687618853415595
97525.00000000004         40005.00000000001        486.88850096017853       1.057672061301531        -0.929354927972634       -0.1090152673847357
97525                     40005                    313.1114990398469        1.039345337856886        -0.9239993114917724      -0.09952034189554101
97545                     39995                    759.4935749089095        1.0888652898037263       -0.9582174262732879      -0.12461173270559257
97545                     39995                    800                      1.0931267820927828       -0.9602146583992978      -0.1256150065981774
97545                     39995                    702.9648723383241        1.0815989646347601       -0.9564202480994483      -0.1223940231452936
97545                     39994.99999999999        618.2955350349189        1.0710656886230476       -0.9577748466223633      -0.11842721643333264
97545                     39995                    0                        0.9908691918295703       -0.9789318735960294      -0.09036529296900096
97545.00000000001         39995                    40.50642509108847        1.0006306969847345       -0.9768881540727007      -0.09060579144116586
97545                     39995                    97.03512766165893        1.0095510874575175       -0.9749044836379274      -0.09282673371067705
97545                     39995                    181.70446496504897       1.0204740897554805       -0.9720170224656111      -0.09699278748001638
97545                     39995                    311.9998652750329        1.0356231255047632       -0.9672710790501735      -0.1034221079532276
97545.00000000001         39995                    488.00013472491077       1.0559160345239385       -0.9614486083297306      -0.11194603045876962
97545                     40005                    0                        0.9968453533062182       -0.9036869353430639      -0.08724728342096129
97545                     40005                    40.86609487997903        1.0063030294931532       -0.905704447108266       -0.08820002206924231
97545                     40005                    759.1339051200141        1.0935077933584272       -0.9270351226458361      -0.1267516846138407
97545                     40005                    800                      1.098126180971778        -0.9253350698670172      -0.128352703096366
97545                     40005                    701.9165688308082        1.0859980714572914       -0.9285025001676512      -0.12389906796598671
97545                     40005.00000000001        98.0834311691699         1.015042627307656        -0.9077611275225549      -0.09120369055625048
97545                     40005                    184.1252288299476        1.025997686174786        -0.9109446277239835      -0.0961275233866013
97545.00000000001         40005                    615.8747711700206        1.075280109928951        -0.9267406158550314      -0.1192594848346504
97545                     40005                    314.99293284910243       1.0414503856954171       -0.9160035175491904      -0.10327370403572095
97545                     40005                    485.0070671508534        1.0597943189107741       -0.9226123187817519      -0.1121978412904258];
